pi 1 15.08 0.5 11.4 1649752022.401
pi 1 8.81 -61.7 13.9 1649752023.146
pi 1 9.13 74.3 17.5 1649752023.243
pi 1 8.77 74.3 15.0 1649752024.278
pi 1 7.81 77.9 17.2 1649752025.211
pi 1 7.26 71.3 19.7 1649752027.560
pi 1 7.49 62.7 18.5 1649752028.411
pi 1 9.09 73.6 14.4 1649752030.562
pi 1 1.67 -3.7 10.5 1649752031.399
pi 1 7.92 64.4 16.8 1649752031.494
pi 1 7.96 62.8 16.3 1649752032.052
pi 1 8.71 -64.3 8.9 1649752032.900
pi 1 7.96 56.8 13.9 1649752033.549
pi 1 8.41 58.8 18.6 1649752034.956
pi 1 7.92 65.7 20.4 1649752035.613
pi 1 8.59 71.2 15.5 1649752038.615
pi 1 9.02 50.3 16.6 1649752039.566
pi 2 2.77 12.2 14.8 1649752039.566
pi 1 8.28 69.4 17.8 1649752039.958
pi 1 8.12 71.3 15.3 1649752040.337
pi 1 8.05 62.5 14.7 1649752042.496
pi 1 9.30 60.4 11.1 1649752042.967
pi 1 8.63 64.6 21.9 1649752043.531
pi 1 7.70 63.6 16.0 1649752043.721
pi 1 8.35 68.0 21.5 1649752044.003
pi 1 8.46 67.6 17.0 1649752044.101
pi 1 8.66 65.0 20.4 1649752044.477
pi 1 1.33 8.3 18.5 1649752044.949
pi 1 8.47 66.3 19.4 1649752045.047
pi 1 8.20 58.0 14.5 1649752045.427
pi 1 1.20 1.0 8.4 1649752045.803
pi 1 15.16 0.6 21.0 1649752046.182
pi 1 2.12 4.5 12.2 1649752046.833
pi 1 8.16 66.9 22.0 1649752046.928
pi 1 9.07 68.9 16.2 1649752047.211
pi 1 2.80 7.0 11.0 1649752047.309
pi 1 2.86 -1.9 13.5 1649752047.777
pi 1 3.64 2.3 14.5 1649752047.875
pi 1 7.32 64.4 12.6 1649752048.528
pi 1 7.58 75.8 25.5 1649752048.623
pi 1 7.98 -66.8 17.4 1649752049.086
