usb 1 1.55 -0.6 19.5 1649752023.990
usb 1 1.55 -1.8 19.5 1649752024.087
usb 1 1.06 0.6 21.8 1649752024.374
usb 1 1.24 1.2 15.1 1649752025.679
usb 1 7.71 64.7 14.4 1649752026.148
usb 1 1.12 0.0 18.2 1649752026.247
usb 1 8.32 69.6 21.7 1649752027.373
usb 1 1.24 0.0 19.6 1649752027.845
usb 1 1.30 -0.6 25.1 1649752027.943
usb 1 1.24 0.0 19.6 1649752028.038
usb 1 7.47 62.3 19.6 1649752028.133
usb 1 1.24 -1.2 15.8 1649752032.709
usb 1 1.30 -0.6 15.9 1649752034.671
pi 1 8.27 67.0 14.8 1649752034.671
usb 1 1.24 0.0 19.0 1649752039.177
usb 1 1.36 1.2 25.9 1649752039.465
pi 1 3.99 1.2 13.0 1649752039.465
usb 1 1.36 0.0 25.2 1649752039.668
pi 1 7.56 60.8 17.5 1649752039.668
usb 1 8.26 70.2 26.5 1649752039.768
usb 1 1.49 0.0 19.8 1649752039.862
usb 1 1.49 0.0 22.2 1649752040.051
usb 1 1.43 -0.6 28.4 1649752040.145
usb 1 1.36 0.0 26.3 1649752040.241
usb 1 1.30 -0.6 24.6 1649752040.523
usb 1 8.32 69.6 26.0 1649752041.091
usb 1 8.02 66.5 22.2 1649752041.377
usb 1 7.96 64.7 22.8 1649752049.275
pi 1 8.13 61.7 20.5 1649752049.275
usb 1 1.43 -0.6 28.2 1649752049.376
usb 1 1.43 -0.6 27.1 1649752049.473
usb 1 1.36 0.0 25.0 1649752049.568
usb 1 1.36 0.0 25.0 1649752049.663
pi 1 8.14 61.0 16.8 1649752049.663
usb 1 1.24 0.0 26.4 1649752049.760
pi 1 8.06 64.8 20.2 1649752049.760
usb 1 1.18 -0.6 22.4 1649752049.859
usb 1 8.32 70.8 22.0 1649752049.955
