0 0 0 0 0 0 0 0 0 0 0 0 0 0 0 0
0 0 0 0 0 0 0 0 0 0 0 0 0 0 0 0
0 0 0 0 0 0 0 0 0 0 0 0 0 0 0 0
0 0 0 0 0 0 0 0 0 0 0 0 0 0 0 0
0 0 0 0 0 0 0 0 0 0 0 0 0 0 0 0
0 0 0 0 0 0 0 0 0 0 0 0 0 0 0 0
0 0 0 0 0 0 0 0 0 0 0 0 0 0 0 0
0 0 0 0 0 0 0 0 0 0 0 0 0 0 0 0
0 0 0 0 0 0 0 0 0 0 0 0 0 0 0 0
0 0 0 0 0 0 0 0 0 0 0 0 0 0 0 0
0 0 0 0 0 0 0 0 0 0 0 0 58.8359898831746 0 0 0
0 0 0 0 0 0 0 0 0 0 0 0 0 0 0 0
0 0 0 0 0 0 0 0 0 0 0 0 0 0 0 0
0 0 0 0 0 0 0 0 0 0 0 0 0 0 0 0
0 0 0 0 0 0 0 0 0 0 0 0 0 0 0 0
0 0 0 0 0 0 0 0 0 0 0 0 0 0 0 0
0 0 0 0 0 0 0 0 0 0 0 0 0 0 0 0
0 0 0 0 0 0 0 0 0 0 0 0 0 0 0 0
0 0 0 0 0 0 0 0 0 0 0 0 0 0 0 0
0 0 0 0 0 0 0 0 0 0 0 0 0 0 0 0
0 0 0 0 0 0 0 0 0 0 0 0 0 0 0 0
0 0 0 0 0 0 0 0 0 0 0 0 58.8359898831746 0 0 0
0 0 0 0 0 0 0 0 0 0 0 0 0 0 0 0
0 0 0 0 0 0 0 0 0 0 0 0 57.9238039935129 0 0 0
0 0 0 0 0 0 0 0 0 0 0 0 0 0 0 0
0 0 0 0 0 0 0 0 0 0 0 0 0 0 0 0
0 0 0 0 0 0 0 0 0 0 0 0 0 0 0 0
0 0 0 0 0 0 0 0 0 0 0 56.0994322141897 0 0 0 0
0 0 0 0 0 0 0 0 0 0 0 55.7953702509691 0 0 0 0
0 0 0 0 0 0 0 0 0 0 0 0 0 0 0 0
0 0 0 0 0 0 0 0 0 0 0 55.4913082877486 0 0 0 0
0 0 0 0 0 0 0 0 0 0 0 0 0 0 0 0
0 0 0 0 0 0 0 0 0 0 0 0 0 0 0 0
0 0 0 0 0 0 0 0 0 0 0 0 0 0 0 0
0 0 0 0 0 0 0 0 0 0 0 0 0 0 0 0
0 0 0 0 0 0 0 0 0 0 0 0 0 0 0 0
0 0 0 0 0 0 0 0 0 0 0 0 0 0 0 0
0 0 0 0 0 0 0 0 0 0 0 0 0 0 0 0
0 0 0 0 0 0 0 0 0 0 0 0 0 0 0 0
0 0 0 0 0 0 0 0 0 0 0 53.2108435635946 0 0 0 0
0 0 0 0 0 0 0 0 0 0 0 0 0 0 0 0
0 0 0 0 0 0 0 0 0 0 0 52.906781600374 0 0 0 0
0 0 0 0 0 0 0 0 0 0 0 0 0 0 0 0
0 0 0 0 0 0 0 0 0 0 0 0 0 0 0 0
0 0 0 0 0 0 0 0 0 0 0 52.4506886555432 0 0 0 0
0 0 0 0 0 0 0 0 0 0 51.8425647291021 51.9945957107124 0 0 0 0
0 0 0 0 0 0 0 0 0 0 51.8425647291021 51.9945957107124 0 0 0 0
0 0 0 0 0 0 0 0 0 0 51.6905337474919 51.8425647291021 0 0 0 0
0 0 0 0 0 0 0 0 0 0 51.5385027658816 0 0 0 0 0
0 0 0 0 0 0 0 0 0 0 51.3864717842713 0 0 0 0 0
0 0 0 0 0 0 0 0 0 0 51.0824098210508 0 0 0 0 0
0 0 0 0 0 0 0 0 0 0 50.9303788394405 0 0 0 0 0
0 0 0 0 0 0 0 0 0 0 50.9303788394405 0 0 0 0 0
0 0 0 0 0 0 0 0 0 0 50.7783478578302 0 0 0 0 0
0 0 0 0 0 0 0 0 0 0 50.4742858946097 0 0 0 0 0
0 0 0 0 0 0 0 0 0 0 50.3222549129994 0 0 0 0 0
0 0 0 0 0 0 0 0 0 0 50.0181929497789 0 0 0 0 0
0 0 0 0 0 0 0 0 0 0 49.5621000049481 0 0 0 0 0
0 0 0 0 0 0 0 0 0 0 49.2580380417275 0 0 0 0 0
0 0 0 0 0 0 0 0 0 0 49.2580380417275 0 0 0 0 0
0 0 0 0 0 0 0 0 0 0 48.8019450968967 0 0 0 0 0
0 0 0 0 0 0 0 0 0 0 48.6499141152865 0 0 0 0 0
0 0 0 0 0 0 0 0 0 0 48.6499141152865 0 0 0 0 0
0 0 0 0 0 0 0 0 0 0 0 0 0 0 0 0
0 0 0 0 0 0 0 0 0 0 48.1938211704556 0 0 0 0 0
0 0 0 0 0 0 0 0 0 0 48.1938211704556 0 0 0 0 0
0 0 0 0 0 0 0 0 0 0 48.0417901888454 0 0 0 0 0
0 0 0 0 0 0 0 0 0 0 47.7377282256248 0 0 0 0 0
0 0 0 0 0 0 0 0 0 0 47.7377282256248 0 0 0 0 0
0 0 0 0 0 0 0 0 0 0 47.281635280794 0 0 0 0 0
0 0 0 0 0 0 0 0 0 0 47.1296042991838 0 0 0 0 0
0 0 0 0 0 0 0 0 0 46.8255423359632 46.9775733175735 0 0 0 0 0
0 0 0 0 0 0 0 0 0 46.8255423359632 0 0 0 0 0 0
0 0 0 0 0 0 0 0 0 46.5214803727427 0 0 0 0 0 0
0 0 0 0 0 0 0 0 0 46.3694493911324 0 0 0 0 0 0
0 0 0 0 0 0 0 0 0 46.2174184095221 0 0 0 0 0 0
0 0 0 0 0 0 0 0 0 46.0653874279119 0 0 0 0 0 0
0 0 0 0 0 0 0 0 0 45.7613254646913 0 0 0 0 0 0
0 0 0 0 0 0 0 0 0 45.7613254646913 0 0 0 0 0 0
0 0 0 0 0 0 0 0 0 45.6092944830811 0 0 0 0 0 0
0 0 0 0 0 0 0 0 0 45.4572635014708 0 0 0 0 0 0
0 0 0 0 0 0 0 0 0 45.00117055664 0 0 0 0 0 0
0 0 0 0 0 0 0 0 0 44.6971085934194 0 0 0 0 0 0
0 0 0 0 0 0 0 0 0 44.6971085934194 0 0 0 0 0 0
0 0 0 0 0 0 0 0 0 44.2410156485886 0 0 0 0 0 0
0 0 0 0 0 0 0 0 0 43.9369536853681 0 0 0 0 0 0
0 0 0 0 0 0 0 0 0 43.9369536853681 0 0 0 0 0 0
0 0 0 0 0 0 0 0 0 43.9369536853681 0 0 59.1400518463951 0 0 0
0 0 0 0 0 0 0 0 0 43.6328917221475 0 0 0 0 0 0
0 0 0 0 0 0 0 0 0 43.1767987773167 0 0 58.8359898831746 0 0 0
0 0 0 0 0 0 0 0 0 43.1767987773167 0 0 0 0 0 0
0 0 0 0 0 0 0 0 0 42.5686748508756 0 0 0 0 0 0
0 0 0 0 0 0 0 0 42.2646128876551 42.4166438692654 0 0 0 0 0 0
0 0 0 0 0 0 0 0 0 0 0 0 0 0 0 0
0 0 0 0 0 0 0 0 0 0 0 0 0 0 0 0
0 0 0 0 0 0 0 0 0 0 0 0 0 0 0 0
0 0 0 0 0 0 0 0 0 42.4166438692654 0 0 0 0 0 0
0 0 0 0 0 0 0 0 0 42.1125819060448 0 0 0 0 0 0
0 0 0 0 0 0 0 0 41.9605509244346 42.1125819060448 0 0 0 0 0 0
0 0 0 0 0 0 0 0 41.8085199428243 41.9605509244346 0 0 58.8359898831746 0 0 0
0 0 0 0 0 0 0 0 41.8085199428243 0 0 0 0 0 0 0
0 0 0 0 0 0 0 0 41.656488961214 0 0 0 0 0 0 0
0 0 0 0 0 0 0 0 40.5922720899421 0 0 0 0 0 0 0
0 0 0 0 0 0 0 0 40.5922720899421 0 0 0 58.8359898831746 0 0 0
0 0 0 0 0 0 0 0 40.4402411083319 0 0 0 0 0 0 0
0 0 0 0 0 0 0 0 39.9841481635011 0 0 0 0 0 0 0
0 0 0 0 0 0 0 0 39.8321171818908 0 0 0 0 0 0 0
0 0 0 0 0 0 0 0 39.8321171818908 0 0 0 58.8359898831746 0 0 0
0 0 0 0 0 0 0 0 39.37602423706 0 0 0 0 0 0 0
0 0 0 0 0 0 0 0 39.0719622738394 0 0 0 0 0 0 0
0 0 0 0 0 0 0 0 38.9199312922292 0 0 0 0 0 0 0
0 0 0 0 0 0 0 0 0 0 0 0 0 0 0 0
0 0 0 0 0 25.2371429473049 0 0 0 0 0 0 0 0 0 0
0 0 0 0 0 0 0 0 38.6158693290086 0 0 0 0 0 0 0
0 0 0 0 0 0 0 0 38.6158693290086 0 0 0 58.8359898831746 0 0 0
0 0 0 0 0 0 0 0 38.1597763841778 0 0 0 0 0 0 0
0 0 0 0 0 0 0 0 38.0077454025675 0 0 0 0 0 0 0
0 0 0 0 0 0 0 0 37.703683439347 0 0 0 0 0 0 0
0 0 0 0 0 0 0 0 37.5516524577367 0 0 0 0 0 0 0
0 0 0 0 0 0 0 37.0955595129059 37.2475904945162 0 0 0 0 0 0 0
0 0 0 0 0 0 0 37.0955595129059 37.2475904945162 0 0 0 0 0 0 0
0 0 0 0 0 0 0 36.9435285312957 37.0955595129059 0 0 0 0 0 0 0
0 0 0 0 0 0 0 36.6394665680751 0 0 0 0 0 0 0 0
0 0 0 0 0 0 0 36.7914975496854 0 0 0 0 58.8359898831746 0 0 0
0 0 0 0 0 0 0 36.1833736232443 0 0 0 0 0 0 0 0
0 0 0 0 0 0 0 36.4874355864648 0 0 0 0 58.9880208647848 0 0 0
0 0 0 0 0 0 0 36.031342641634 0 0 0 0 0 0 0 0
0 0 0 0 0 0 0 35.8793116600238 0 0 0 0 0 0 0 0
0 0 0 0 0 0 0 35.7272806784135 0 0 0 0 0 0 0 0
0 0 0 0 0 0 0 35.5752496968032 0 0 0 0 58.8359898831746 0 0 0
0 0 0 0 0 0 0 35.2711877335827 0 0 0 0 0 0 0 0
0 0 0 0 0 0 0 35.2711877335827 0 0 0 0 0 0 0 0
0 0 0 0 0 0 0 34.9671257703621 0 0 0 0 0 0 0 0
0 0 0 0 0 0 0 34.6630638071416 0 0 0 0 58.9880208647848 0 0 0
0 0 0 0 0 0 0 34.5110328255313 0 0 0 0 0 0 0 0
0 0 0 0 0 0 0 34.2069708623108 0 0 0 0 0 0 0 0
0 0 0 0 0 0 0 33.5988469358697 0 0 0 0 0 0 0 0
0 0 0 0 0 0 0 0 0 0 0 0 0 0 0 0
0 0 0 0 0 0 0 0 0 0 0 0 0 0 0 0
0 0 0 0 0 0 0 33.4468159542594 0 0 0 0 58.8359898831746 0 0 0
0 0 0 0 0 0 0 33.5988469358697 0 0 0 0 0 0 0 0
0 0 0 0 0 0 0 0 0 0 0 0 0 0 0 0
0 0 0 0 0 0 0 33.1427539910389 0 0 0 0 58.8359898831746 0 0 0
0 0 0 0 0 0 0 32.8386920278184 0 0 0 0 58.8359898831746 0 0 0
0 0 0 0 0 0 32.3825990829875 32.5346300645978 0 0 0 0 59.1400518463951 0 0 0
0 0 0 0 0 0 32.078537119767 0 0 0 0 0 58.8359898831746 0 0 0
0 0 0 0 0 0 31.9265061381567 0 0 0 0 0 0 0 0 0
0 0 0 0 0 0 31.6224441749362 0 0 0 0 0 0 0 0 0
0 0 0 0 0 0 31.3183822117157 0 0 0 0 0 0 0 0 0
0 0 0 0 0 0 31.3183822117157 0 0 0 0 0 0 0 0 0
0 0 0 0 0 0 31.3183822117157 0 0 0 0 0 0 0 0 0
0 0 0 0 0 0 31.0143202484951 0 0 0 0 0 0 0 0 0
0 0 0 0 0 0 31.0143202484951 0 0 0 0 0 0 0 0 0
0 0 0 0 0 0 30.5582273036643 0 0 0 0 0 0 0 0 0
0 0 0 0 0 0 30.406196322054 0 0 0 0 0 58.8359898831746 0 0 0
0 0 0 0 0 0 30.2541653404438 0 0 0 0 0 0 0 0 0
0 0 0 0 0 0 29.798072395613 0 0 0 0 0 0 0 0 0
0 0 0 0 0 0 29.6460414140027 0 0 0 0 0 0 0 0 0
0 0 0 0 0 0 0 0 0 0 0 0 0 0 0 0
0 0 0 0 0 0 0 0 0 0 0 0 58.8359898831746 0 0 0
0 0 0 0 0 0 29.4940104323924 0 0 0 0 0 58.8359898831746 0 0 0
0 0 0 0 0 0 29.1899484691719 0 0 0 0 0 0 0 0 0
0 0 0 0 0 0 28.8858865059513 0 0 0 0 0 0 0 0 0
0 0 0 0 0 0 28.7338555243411 0 0 0 0 0 0 0 0 0
0 0 0 0 0 0 28.5818245427308 0 0 0 0 0 0 0 0 0
0 0 0 0 0 0 28.4297935611205 0 0 0 0 0 0 0 0 0
0 0 0 0 0 0 28.2777625795103 0 0 0 0 0 0 0 0 0
0 0 0 0 0 0 27.9737006162897 0 0 0 0 0 0 0 0 0
0 0 0 0 0 0 27.8216696346794 0 0 0 0 0 0 0 0 0
0 0 0 0 0 27.5176076714589 27.6696386530692 0 0 0 0 0 0 0 0 0
0 0 0 0 0 27.3655766898486 0 0 0 0 0 0 0 0 0 0
0 0 0 0 0 27.0615147266281 0 0 0 0 0 0 59.1400518463951 0 0 0
0 0 0 0 0 0 0 0 0 0 0 0 0 0 0 0
0 0 0 0 0 0 0 0 0 0 0 0 0 0 0 0
0 0 0 0 0 27.2135457082384 0 0 0 0 0 0 0 0 0 0
0 0 0 0 0 26.3013598185767 0 0 0 0 0 0 0 0 0 0
0 0 0 0 0 26.1493288369665 0 0 0 0 0 0 0 0 0 0
0 0 0 0 0 25.8452668737459 0 0 0 0 0 0 0 0 0 0
0 0 0 0 0 25.8452668737459 0 0 0 0 0 0 0 0 0 0
0 0 0 0 0 25.5412049105254 0 0 0 0 0 0 0 0 0 0
0 0 0 0 0 25.2371429473049 0 0 0 0 0 0 0 0 0 0
0 0 0 0 0 25.2371429473049 0 0 0 0 0 0 0 0 0 0
0 0 0 0 0 24.9330809840843 0 0 0 0 0 0 0 0 0 0
0 0 0 0 0 24.9330809840843 0 0 0 0 0 0 0 0 0 0
0 0 0 0 0 24.6290190208638 0 0 0 0 0 0 0 0 0 0
0 0 0 0 0 24.3249570576432 0 0 0 0 0 0 0 0 0 0
0 0 0 0 0 24.3249570576432 0 0 0 0 0 0 0 0 0 0
0 0 0 0 0 23.8688641128124 0 0 0 0 0 0 0 0 0 0
0 0 0 0 0 23.5648021495919 0 0 0 0 0 0 58.8359898831746 0 0 0
0 0 0 0 0 23.7168331312021 0 0 0 0 0 0 0 0 0 0
0 0 0 0 0 23.7168331312021 0 0 0 0 0 0 0 0 0 0
0 0 0 0 0 23.2607401863713 0 0 0 0 0 0 0 0 0 0
0 0 0 0 0 23.1087092047611 0 0 0 0 0 0 0 0 0 0
0 0 0 0 22.8046472415405 22.9566782231508 0 0 0 0 0 0 0 0 0 0
0 0 0 0 22.50058527832 22.6526162599303 0 0 0 0 0 0 0 0 0 0
0 0 0 0 22.50058527832 0 0 0 0 0 0 0 0 0 0 0
0 0 0 0 22.50058527832 22.6526162599303 0 0 0 0 0 0 0 0 0 0
0 0 0 0 22.50058527832 0 0 0 0 0 0 0 0 0 0 0
0 0 0 0 21.8924613518789 0 0 0 0 0 0 0 0 0 0 0
0 0 0 0 0 0 0 0 0 0 0 0 0 0 0 0
0 0 0 0 21.7404303702686 0 0 0 0 0 0 0 0 0 0 0
0 0 0 0 21.2843374254378 0 0 0 0 0 0 0 0 0 0 0
0 0 0 0 21.1323064438276 0 0 0 0 0 0 0 0 0 0 0
0 0 0 0 21.1323064438276 0 0 0 0 0 0 0 0 0 0 0
0 0 0 0 20.828244480607 0 0 0 0 0 0 0 0 0 0 0
0 0 0 0 20.5241825173865 0 0 0 0 0 0 0 0 0 0 0
0 0 0 0 20.3721515357762 0 0 0 0 0 0 0 0 0 0 0
0 0 0 0 20.2201205541659 0 0 0 0 0 0 0 0 0 0 0
0 0 0 0 19.9160585909454 0 0 0 0 0 0 0 0 0 0 0
0 0 0 0 20.3721515357762 0 0 0 0 0 0 0 0 0 0 0
0 0 0 0 19.9160585909454 0 0 0 0 0 0 0 0 0 0 0
0 0 0 0 19.4599656461146 0 0 0 0 0 0 0 0 0 0 0
0 0 0 0 19.3079346645043 0 0 0 0 0 0 0 0 0 0 0
0 0 0 0 18.6998107380632 0 0 0 0 0 0 0 0 0 0 0
0 0 0 0 18.8518417196735 0 0 0 0 0 0 0 0 0 0 0
0 0 0 0 18.8518417196735 0 0 0 0 0 0 0 0 0 0 0
0 0 0 0 0 0 0 0 0 0 0 0 0 0 0 0
0 0 0 0 18.6998107380632 0 0 0 0 0 0 0 0 0 0 0
0 0 0 0 18.547779756453 0 0 0 0 0 0 0 0 0 0 0
0 0 0 0 18.3957487748427 0 0 0 0 0 0 0 0 0 0 0
0 0 0 17.9396558300119 18.0916868116222 0 0 0 0 0 0 0 0 0 0 0
0 0 0 17.6355938667913 0 0 0 0 0 0 0 0 0 0 0 0
0 0 0 17.4835628851811 0 0 0 0 0 0 0 0 0 0 0 0
0 0 0 17.4835628851811 0 0 0 0 0 0 0 0 0 0 0 0
0 0 0 17.3315319035708 0 0 0 0 0 0 0 0 0 0 0 0
0 0 0 0 0 0 0 0 0 0 0 0 0 0 0 0
0 0 0 16.87543895874 0 0 0 0 0 0 0 0 0 0 0 0
0 0 0 16.5713769955195 0 0 0 0 0 0 0 0 0 0 0 0
0 0 0 16.5713769955195 0 0 0 0 0 0 0 0 0 0 0 0
0 0 0 0 0 0 0 0 0 0 0 0 0 0 0 0
0 0 0 15.9632530690784 0 0 0 0 0 0 0 0 0 0 0 0
0 0 0 0 0 0 0 0 0 0 0 0 0 0 0 0
0 0 0 15.6591911058578 0 0 0 0 0 0 0 0 0 0 0 0
0 0 0 15.5071601242476 0 0 0 0 0 0 0 0 0 0 0 0
0 0 0 15.3551291426373 0 0 0 0 0 0 0 0 0 0 0 0
0 0 0 15.0510671794167 0 0 0 0 0 0 0 0 0 0 0 0
0 0 0 14.8990361978065 0 0 0 0 0 0 0 0 0 0 0 0
0 0 0 0 0 0 0 0 0 0 0 0 0 0 0 0
0 0 0 14.5949742345859 0 0 0 0 0 0 0 0 0 0 0 0
0 0 0 14.4429432529757 0 0 0 0 0 0 0 0 0 0 0 0
0 0 0 14.2909122713654 0 0 0 0 0 0 0 0 0 0 0 0
0 0 0 13.9868503081449 0 0 0 0 0 0 0 0 0 0 0 0
0 0 0 13.8348193265346 0 0 0 0 0 0 0 0 0 0 0 0
0 0 0 13.3787263817038 0 0 0 0 0 0 0 0 0 0 0 0
0 0 0 0 0 0 0 0 0 0 0 0 0 0 0 0
0 0 0 13.2266954000935 0 0 0 0 0 0 0 0 0 0 0 0
0 0 0 0 0 0 0 0 0 0 0 0 0 0 0 0
0 0 0 0 0 0 0 0 0 0 0 0 0 0 0 0
0 0 0 0 0 0 0 0 0 0 0 0 0 0 0 0
0 0 0 0 0 0 0 0 0 0 0 0 0 0 0 0
0 0 12.1624785288216 0 0 0 0 0 0 0 0 0 0 0 0 0
0 0 12.4665404920422 0 0 0 0 0 0 0 0 0 0 0 0 0
0 0 0 0 0 0 0 0 0 0 0 0 0 0 0 0
0 0 11.7063855839908 0 0 0 0 0 0 0 0 0 0 0 0 0
0 0 11.5543546023805 0 0 0 0 0 0 0 0 0 0 0 0 0
0 0 0 0 0 0 0 0 0 0 0 0 0 0 0 0
0 0 0 0 0 0 0 0 0 0 0 0 0 0 0 0
0 0 10.6421687127189 0 0 0 0 0 0 0 0 0 0 0 0 0
0 0 10.6421687127189 0 0 0 0 0 0 0 0 0 0 0 0 0
0 0 10.3381067494984 0 0 0 0 0 0 0 0 0 0 0 0 0
0 0 10.1860757678881 0 0 0 0 0 0 0 0 0 0 0 0 0
0 0 10.0340447862778 0 0 0 0 0 0 0 0 0 0 0 0 0
0 0 10.1860757678881 0 0 0 0 0 0 0 0 0 0 0 0 0
0 0 9.88201380466756 0 0 0 0 0 0 0 0 0 0 0 0 0
0 0 0 0 0 0 0 0 0 0 0 0 0 0 0 0
0 0 9.57795184144702 0 0 0 0 0 0 0 0 0 0 0 0 0
0 0 9.42592085983675 0 0 0 0 0 0 0 0 0 0 0 0 0
0 0 9.12185889661621 0 0 0 0 0 0 0 0 0 0 0 0 0
0 0 9.12185889661621 0 0 0 0 0 0 0 0 0 0 0 0 0
0 0 8.96982791500594 0 0 0 0 0 0 0 0 0 0 0 0 0
0 0 0 0 0 0 0 0 0 0 0 0 0 0 0 0
0 0 8.36170398856486 0 0 0 0 0 0 0 0 0 0 0 0 0
0 0 0 0 0 0 0 0 0 0 0 0 0 0 0 0
0 0 0 0 0 0 0 0 0 0 0 0 0 0 0 0
0 8.20967300695459 0 0 0 0 0 0 0 0 0 0 0 0 0 0
0 0 0 0 0 0 0 0 0 0 0 0 0 0 0 0
0 0 0 0 0 0 0 0 0 0 0 0 0 0 0 0
0 0 0 0 0 0 0 0 0 0 0 0 0 0 0 0
0 0 0 0 0 0 0 0 0 0 0 0 0 0 0 0
0 0 0 0 0 0 0 0 0 0 0 0 0 0 0 0
0 0 0 0 0 0 0 0 0 0 0 0 0 0 0 0
0 0 0 0 0 0 0 0 0 0 0 0 0 0 0 0
0 6.68936319085189 0 0 0 0 0 0 0 0 0 0 0 0 0 0
0 0 0 0 0 0 0 0 0 0 0 0 0 0 0 0
0 0 0 0 0 0 0 0 0 0 0 0 0 0 0 0
0 0 0 0 0 0 0 0 0 0 0 0 0 0 0 0
0 0 0 0 0 0 0 0 0 0 0 0 0 0 0 0
0 0 0 0 0 0 0 0 0 0 0 0 0 0 0 0
0 0 0 0 0 0 0 0 0 0 0 0 0 0 0 0
0 0 0 0 0 0 0 0 0 0 0 0 0 0 0 0
0 0 0 0 0 0 0 0 0 0 0 0 0 0 0 0
0 0 0 0 0 0 0 0 0 0 0 0 0 0 0 0
0 0 0 0 0 0 0 0 0 0 0 0 0 0 0 0
0 0 0 0 0 0 0 0 0 0 0 0 0 0 0 0
0 0 0 0 0 0 0 0 0 0 0 0 0 0 0 0
0 0 0 0 0 0 0 0 0 0 0 0 58.8359898831746 0 0 0
0 0 0 0 0 0 0 0 0 0 0 0 0 0 0 0
0 0 0 0 0 0 0 0 0 0 0 0 0 0 0 0
0 0 0 0 0 0 0 0 0 0 0 0 0 0 0 0
0 0 0 0 0 0 0 0 0 0 0 0 0 0 0 0
0 0 0 0 0 0 0 0 0 0 0 0 0 0 0 0
