0
0
0
0
0
0
0
0
0
0
0
0
0
0
0
0
0
0
0
0
0
0
0
0
0
0
0
0
0
0
0
0
0
0
0
0
0
0
0
2.91727430555556
0
0
0
0
0
0
0
0
0
0
0
0
0
0
0
0
2.9915321969697
2.71723263888889
2.7005625
2.7005625
0
0
0
0
2.88241856060606
2.88241856060606
0
0
0
2.82786174242424
2.58387152777778
2.80967613636364
0
0
0
0
2.75511931818182
2.73693371212121
2.73693371212121
0
0
2.46718055555556
2.45051041666667
2.45051041666667
0
0
0
0
2.60963446969697
2.36715972222222
2.36715972222222
0
0
0
0
0
2.14660096153846
2.51870643939394
2.51870643939394
2.30047916666667
2.50052083333333
2.28380902777778
2.42777840909091
2.42777840909091
2.66055416666667
2.3914071969697
2.62054583333333
2.62054583333333
2.35503598484848
2.33685037878788
2.56053333333333
0
2.07543229166667
2.54052916666667
2.54052916666667
2.28229356060606
2.50052083333333
2.48051666666667
2.7450162037037
2.22773674242424
2.22773674242424
2.03375694444444
2.19136553030303
2.42050416666667
2.38049583333333
2.4005
2.15499431818182
2.36049166666667
2.61165509259259
2.3404875
2.32048333333333
2.32048333333333
2.30047916666667
2.280475
2.52274768518518
2.04588068181818
2.00950946969697
0
0
0
2.00950946969697
0
1.81704513888889
2.16045
2.14044583333333
2.34493287037037
2.1004375
2.08043333333333
2.06042916666667
2.06042916666667
2.06042916666667
2.040425
2.040425
1.82765340909091
2.00041666666667
2.21157175925926
1.96040833333333
2.16711805555556
0
0
1.94040416666667
1.9204
1.90039583333333
1.71853977272727
1.88039166666667
2.07821064814815
1.8603875
1.84038333333333
1.66398295454545
1.82037916666667
2.25046875
2.22546354166667
0
0
1.62761174242424
1.92262268518518
1.72035833333333
1.70035416666667
1.70035416666667
1.68035
1.66034583333333
1.66034583333333
1.64034166666667
1.64034166666667
1.6203375
1.60033333333333
1.60033333333333
1.74480787037037
1.40938446969697
1.560325
1.560325
2.18616964285714
1.52031666666667
1.67812731481481
1.35482765151515
1.85038541666667
1.35482765151515
1.85038541666667
1.800375
0
1.30027083333333
1.75036458333333
1.26389962121212
1.5447662037037
1.52253935185185
1.5003125
1.34027916666667
1.47808564814815
1.4558587962963
1.34027916666667
1.4558587962963
1.28026666666667
1.41140509259259
1.11841477272727
1.24025833333333
1.24025833333333
0
1.11841477272727
1.22025416666667
1.34472453703704
1.32249768518519
1.45030208333333
1.27804398148148
1.27804398148148
1.425296875
0
1.23359027777778
1.21136342592593
1.21136342592593
0
1.16690972222222
0
1.14468287037037
1.275265625
1.12245601851852
1.10022916666667
0.980204166666667
0
0.9602
1.05577546296296
0.940195833333333
0.920191666666667
1.01132175925926
0.880183333333333
0
0.966868055555556
0
0
0
0
0.800166666666667
1.02521354166667
0
0.855733796296296
0.760158333333333
0
0
0.875182291666667
0.875182291666667
0.680141666666667
0.744599537037037
0.825171875
0.744599537037037
0.722372685185185
0
0.700145833333333
0.775161458333333
0.75015625
0.75015625
0.65569212962963
0
0.611238425925926
0
0
0.675140625
0
0
0
0
0
0
0
0.550114583333333
0
0
0
0
0
0
0
0
0
0
0
0
0
0
0
0
0
0
